Some((
    red: 0.25882354,
    green: 0.3137255,
    blue: 0.2784314,
    alpha: 1.0,
))